 Num   Name              Epoch      a          e        i         w        Node        M         H    G   Ref
------ ----------------- ----- ---------- ---------- --------- --------- --------- ----------- ----- ---- ----------
     1 Ceres             57200  2.7679724 0.07578254  10.59230  72.65415  80.32720 138.6621747  3.34 0.12 JPL 33
     2 Pallas            57200  2.7720036 0.23115767  34.84026 309.96556 173.09215 120.9190263  4.13 0.11 JPL 26
     3 Juno              57200  2.6710735 0.25583020  12.98662 248.39924 169.86010  78.2157434  5.33 0.32 JPL 102
     4 Vesta             57200  2.3619132 0.08883383   7.14010 151.18850 103.84964  75.1726759  3.20 0.32 JPL 33
     5 Astraea           57200  2.5734799 0.19118780   5.36855 358.96928 141.59578 307.8982843  6.85 0.15 JPL 95
     6 Hebe              57200  2.4260396 0.20150658  14.74819 239.48589 138.70347  81.3179389  5.71 0.24 JPL 82
     7 Iris              57200  2.3858038 0.23111629   5.52245 145.41010 259.58587 125.6920559  5.51 0.15 JPL 105
     8 Flora             57200  2.2015844 0.15668778   5.88687 285.43109 110.91382 132.1859850  6.49 0.28 JPL 103
     9 Metis             57200  2.3865738 0.12217763   5.57406   5.87362  68.93971 263.1426344  6.28 0.17 JPL 104
    10 Hygiea            57200  3.1421159 0.11469175   3.83777 312.10431 283.41231 264.4639730  5.43 0.15 JPL 85
    11 Parthenope        57200  2.4523255 0.10016481   4.62984 196.03961 125.56677 279.1551247  6.55 0.15 JPL 89
    12 Victoria          57200  2.3331883 0.22124751   8.36928  69.50661 235.48580 106.4885260  7.24 0.22 JPL 101
    13 Egeria            57200  2.5771274 0.08373775  16.53743  80.21551  43.24333 214.2969940  6.74 0.15 JPL 75
    14 Irene             57200  2.5863581 0.16623704   9.11810  98.02628  86.15318 192.9165471  6.30 0.15 JPL 67
    15 Eunomia           57200  2.6439231 0.18737574  11.73822  97.53941 293.18555 323.3872658  5.28 0.23 JPL 70
    16 Psyche            57200  2.9221666 0.13617091   3.09904 227.11245 150.27584  14.1157196  5.90 0.20 JPL 83
    17 Thetis            57200  2.4708059 0.13236359   5.59069 136.00312 125.56730 308.2781057  7.76 0.15 JPL 90
    18 Melpomene         57200  2.2950431 0.21894920  10.13370 227.90601 150.47116 230.5164283  6.51 0.25 JPL 91
    19 Fortuna           57200  2.4414347 0.15885487   1.57374 182.23242 211.15556 195.5179904  7.13 0.10 JPL 111
    20 Massalia          57200  2.4084523 0.14280178   0.70843 256.58568 206.13250 108.8032148  6.50 0.25 JPL 91
    21 Lutetia           57200  2.4348932 0.16464893   3.06362 250.11653  80.88481 340.9460946  7.35 0.11 JPL 93
    22 Kalliope          57200  2.9108009 0.09960417  13.71460 354.88447  66.07460 280.0314572  6.45 0.21 JPL 80
    23 Thalia            57200  2.6256230 0.23569746  10.11359  60.79703  66.87374  11.2179871  6.95 0.15 JPL 77
    24 Themis            57200  3.1356279 0.12575607   0.75220 106.77077  35.92034 107.0864077  7.08 0.19 JPL 95
    25 Phocaea           57200  2.3998655 0.25530557  21.58878  90.07937 214.21058 162.0439892  7.83 0.15 JPL 81
    26 Proserpina        57200  2.6545767 0.09046978   3.56380 194.20084  45.78504 145.9582367  7.50 0.15 JPL 101
    27 Euterpe           57200  2.3467371 0.17221738   1.58369 356.58395  94.79872 311.3428084  7.00 0.15 JPL 92
    28 Bellona           57200  2.7753596 0.15155097   9.43340 344.63040 144.32392 334.5031717  7.09 0.15 JPL 87
    29 Amphitrite        57200  2.5549604 0.07200974   6.08968  61.96096 356.41987 307.7532204  5.85 0.20 JPL 139
    30 Urania            57200  2.3653233 0.12660953   2.09800  86.73483 307.62981  10.4601383  7.57 0.15 JPL 94
    31 Euphrosyne        57200  3.1556843 0.22179830  26.30346  61.45203  31.13400 201.0559803  6.74 0.15 JPL 78
    32 Pomona            57200  2.5877009 0.08024726   5.52361 338.98909 220.45475  61.0205220  7.56 0.15 JPL 90
    33 Polyhymnia        57200  2.8670560 0.33657445   1.86878 338.09509   8.57682  58.8811478  8.55 0.33 JPL 23
    34 Circe             57200  2.6880635 0.10459812   5.49818 330.49525 184.42312 173.7480778  8.51 0.15 JPL 61
    35 Leukothea         57200  2.9937408 0.22677703   7.93575 213.30991 353.75345 308.9042196  8.50 0.15 JPL 29
    36 Atalante          57200  2.7487357 0.30200085  18.42628  46.98752 358.41363 357.9872102  8.46 0.15 JPL 74
    37 Fides             57200  2.6427554 0.17355540   3.07277  62.97397   7.29685  20.2335421  7.29 0.24 JPL 103
    38 Leda              57200  2.7393634 0.15557412   6.97220 169.60341 295.75047  60.2039999  8.32 0.15 JPL 88
    39 Laetitia          57200  2.7686427 0.11380103  10.38093 208.27446 157.11454   2.9536139  6.00 0.15 JPL 89
    40 Harmonia          57200  2.2668746 0.04662150   4.25767 268.62910  94.23702  64.4581149  7.00 0.15 JPL 102
    41 Daphne            57200  2.7598025 0.27548766  15.79633  45.97437 178.09098 193.3163126  7.12 0.10 JPL 110
    42 Isis              57200  2.4441514 0.22187846   8.51307 237.03842  84.27024 202.1687302  7.53 0.15 JPL 85
    43 Ariadne           57200  2.2031250 0.16876332   3.47034  16.31664 264.86524  75.9062952  7.93 0.11 JPL 96
    44 Nysa              57200  2.4229381 0.14863874   3.70687 343.28397 131.55922  76.9495451  7.03 0.46 JPL 107
    45 Eugenia           57200  2.7208579 0.08343267   6.60374  88.70537 147.67764  90.2822956  7.46 0.07 JPL 87